Red party hat: D4 00 00 00 FF 15 27 01 01 00 00 00 01 00 00 00 04 00 00 00 01 00 00 00 00 00 00 00 3C 00 00 00 00 00 00 00 00 00 00 00 C8 00 00 00 58 01 00 00 00 00 00 00 00 00 00 00 01 00 00 00 FA

Green party hat: D4 00 00 00 FF 18 27 05 01 00 00 00 01 00 00 00 04 00 00 00 01 00 00 00 00 00 00 00 3C 00 00 00 00 00 00 00 00 00 00 00 C8 00 00 00 58 01 00 00 00 00 00 00 00 00 00 00 01 00 00 00 FA

Pink party hat: D4 00 00 00 FF 28 27 1E 01 00 00 00 01 00 00 00 04 00 00 00 01 00 00 00 00 00 00 00 3C 00 00 00 00 00 00 00 00 00 00 00 C8 00 00 00 58 01 00 00 00 00 00 00 00 00 00 00 01 00 00 00 FA

Orange party hat: D4 00 00 00 FF 2A 27 16 01 00 00 00 01 00 00 00 04 00 00 00 01 00 00 00 00 00 00 00 3C 00 00 00 00 00 00 00 00 00 00 00 C8 00 00 00 58 01 00 00 00 00 00 00 00 00 00 00 01 00 00 00 FA

Yellow party hat:  D4 00 00 00 FF 2B 27 17 01 00 00 00 01 00 00 00 04 00 00 00 01 00 00 00 00 00 00 00 3C 00 00 00 00 00 00 00 00 00 00 00 C8 00 00 00 58 01 00 00 00 00 00 00 00 00 00 00 01 00 00 00 FA

Blue part hat: D4 00 00 00 FF 2F 27 1B 01 00 00 00 01 00 00 00 04 00 00 00 01 00 00 00 00 00 00 00 3C 00 00 00 00 00 00 00 00 00 00 00 C8 00 00 00 58 01 00 00 00 00 00 00 00 00 00 00 01 00 00 00 FA

Purple party hat: D4 00 00 00 FF 9C 27 09 01 00 00 00 01 00 00 00 04 00 00 00 01 00 00 00 00 00 00 00 3C 00 00 00 00 00 00 00 00 00 00 00 C8 00 00 00 58 01 00 00 00 00 00 00 00 00 00 00 01 00 00 00 FA

Silver party hat: D4 00 00 00 FF 55 27 54 01 00 00 00 01 00 00 00 04 00 00 00 01 00 00 00 00 00 00 00 3C 00 00 00 00 00 00 00 00 00 00 00 C8 00 00 00 58 01 00 00 00 00 00 00 00 00 00 00 01 00 00 00 FA

Rare hot magenta party hat: D4 00 00 00 5E 5E 5E 5E 01 00 00 00 00 00 00 00 00 00 00 00 01 00 00 00 00 00 00 00 4B 00 00 00 00 00 00 00 FF BC E2 5A FA 00 00 00 CE 0A 00 00 00 00 00 00 00 00 00 00 00 00 00 00

Credits for the list: Secretminja
#4497 (999834652346941440)