Lions maine: C7 02 00 00 8D 8D 8D 8D 01 00 00 00 00 00 00 00 00 00 00 00 01 00 00 00 00 00 00 00 4B 00 00 00 00 00 00 00 00 00 00 00 FA 00 00 00 6C 04 00 00 00 00 00 00 00 00 00 00 00 00 00 00

Peacock Feathers: D1 02 00 00 2B 98 F3 84 01 00 00 00 00 00 00 00 00 00 00 00 01 00 00 00 00 00 00 00 4B 00 00 00 00 00 00 00 00 00 00 00 FA 00 00 00 79 04 00 00 00 00 00 00 00 00 00 00 01 00 00 00

Light up paw ring: D2 02 00 00 69 05 94 42 01 00 00 00 00 00 00 00 00 00 00 00 01 00 00 00 00 00 00 00 4B 00 00 00 00 00 00 00 00 00 00 00 FA 00 00 00 73 04 00 00 00 00 00 00 00 00 00 00 01 00 00 00

Light up horseshow ring: CF 02 00 00 65 9A 14 42 01 00 00 00 00 00 00 00 00 00 00 00 01 00 00 00 00 00 00 00 4B 00 00 00 00 00 00 00 00 00 00 00 FA 00 00 00 71 04 00 00 00 00 00 00 00 00 00 00 01 00 00 00

Light up swirl ring: D0 02 00 00 69 F4 9C 42 01 00 00 00 00 00 00 00 00 00 00 00 01 00 00 00 00 00 00 00 4B 00 00 00 00 00 00 00 00 00 00 00 FA 00 00 00 72 04 00 00 00 00 00 00 00 00 00 00 01 00 00 00

Light up flower ring: CE 02 00 00 69 17 96 42 01 00 00 00 00 00 00 00 00 00 00 00 01 00 00 00 00 00 00 00 4B 00 00 00 00 00 00 00 00 00 00 00 FA 00 00 00 70 04 00 00 00 00 00 00 00 00 00 00 01 00 00 00

Windjammer Hat: C9 02 00 00 56 84 69 16 01 00 00 00 00 00 00 00 00 00 00 00 01 00 00 00 00 00 00 00 4B 00 00 00 00 00 00 00 00 00 00 00 FA 00 00 00 76 04 00 00 00 00 00 00 00 00 00 00 01 00 00 00

Fancy Beret: CA 02 00 00 B1 8A 03 83 01 00 00 00 00 00 00 00 00 00 00 00 01 00 00 00 00 00 00 00 4B 00 00 00 00 00 00 00 00 00 00 00 FA 00 00 00 75 04 00 00 00 00 00 00 00 00 00 00 01 00 00 00

Police Chief Hat: CB 02 00 00 69 56 06 1E 01 00 00 00 00 00 00 00 00 00 00 00 01 00 00 00 00 00 00 00 4B 00 00 00 00 00 00 00 00 00 00 00 FA 00 00 00 74 04 00 00 00 00 00 00 00 00 00 00 01 00 00 00

Mystical Faerie Wings: C5 02 00 00 FF 6B 2B 15 01 00 00 00 00 00 00 00 00 00 00 00 01 00 00 00 00 00 00 00 4B 00 00 00 00 00 00 00 00 00 00 00 FA 00 00 00 6A 04 00 00 00 00 00 00 00 00 00 00 01 00 00 00

Elegant Butterfly Wings: C4 02 00 00 B2 1B F5 88 01 00 00 00 00 00 00 00 00 00 00 00 01 00 00 00 00 00 00 00 4B 00 00 00 00 00 00 00 00 00 00 00 FA 00 00 00 6B 04 00 00 00 00 00 00 00 00 00 00 01 00 00 00

Epic Pizza Hat: C8 02 00 00 00 01 2B 33 01 00 00 00 00 00 00 00 00 00 00 00 01 00 00 00 00 00 00 00 4B 00 00 00 00 00 00 00 00 00 00 00 FA 00 00 00 77 04 00 00 00 00 00 00 00 00 00 00 01 00 00 00

Ahoy Sailor Hat: 02 03 00 00 56 15 69 6B 01 00 00 00 00 00 00 00 00 00 00 00 01 00 00 00 00 00 00 00 4B 00 00 00 00 00 00 00 00 00 00 00 FA 00 00 00 9A 04 00 00 00 00 00 00 00 00 00 00 01 00 00 00

Sequin Bow: 00 03 00 00 FF FF 05 19 01 00 00 00 00 00 00 00 00 00 00 00 01 00 00 00 00 00 00 00 4B 00 00 00 00 00 00 00 00 00 00 00 FA 00 00 00 98 04 00 00 00 00 00 00 00 00 00 00 00 00 00 00

Police Captain Hat: CB 02 00 00 FF 55 06 1E 01 00 00 00 00 00 00 00 00 00 00 00 01 00 00 00 00 00 00 00 4B 00 00 00 00 00 00 00 00 00 00 00 FA 00 00 00 97 04 00 00 00 00 00 00 00 00 00 00 00 00 00 00

Enchanted Faerie Wings:08 03 00 00 2B 28 1A 10 01 00 00 00 00 00 00 00 00 00 00 00 01 00 00 00 00 00 00 00 4B 00 00 00 00 00 00 00 00 00 00 00 FA 00 00 00 96 04 00 00 00 00 00 00 00 00 00 00 00 00 00 00

Spring Flower: 4D 01 00 00 00 18 6A 2E 01 00 00 00 00 00 00 00 00 00 00 00 01 00 00 00 00 00 00 00 4B 00 00 00 00 00 00 00 00 00 00 00 FA 00 00 00 99 04 00 00 00 00 00 00 00 00 00 00 00 00 00 00

BONUS (Not in game) items:

Red Sequin Bow: 00 03 00 00 FF FF 71 76 01 00 00 00 00 00 00 00 00 00 00 00 01 00 00 00 00 00 00 00 4B 00 00 00 00 00 00 00 00 00 00 00 FA 00 00 00 98 04 00 00 00 00 00 00 00 00 00 00 00 00 00 00

Magenta Pizza Hat: C8 02 00 00 00 00 00 00 01 00 00 00 00 00 00 00 00 00 00 00 01 00 00 00 00 00 00 00 4B 00 00 00 00 00 00 00 00 00 00 00 FA 00 00 00 77 04 00 00 00 00 00 00 00 00 00 00 01 00 00 00

Fire Peacock Feathers: D1 02 00 00 6C 5B 76 F2 01 00 00 00 00 00 00 00 00 00 00 00 01 00 00 00 00 00 00 00 4B 00 00 00 00 00 00 00 00 00 00 00 FA 00 00 00 79 04 00 00 00 00 00 00 00 00 00 00 01 00 00 00

Blue Mystical Farie Wings: C5 02 00 00 FF F5 AA 73 01 00 00 00 00 00 00 00 00 00 00 00 01 00 00 00 00 00 00 00 4B 00 00 00 00 00 00 00 00 00 00 00 FA 00 00 00 6A 04 00 00 00 00 00 00 00 00 00 00 01 00 00 00

White lions maine: C7 02 00 00 FF FF FF FF 01 00 00 00 00 00 00 00 00 00 00 00 01 00 00 00 00 00 00 00 4B 00 00 00 00 00 00 00 00 00 00 00 FA 00 00 00 6C 04 00 00 00 00 00 00 00 00 00 00 00 00 00 00

Golden Fancy Beret: CA 02 00 00 FF FF 03 70 01 00 00 00 00 00 00 00 00 00 00 00 01 00 00 00 00 00 00 00 4B 00 00 00 00 00 00 00 00 00 00 00 FA 00 00 00 75 04 00 00 00 00 00 00 00 00 00 00 01 00 00 00

Silver Fancy Beret: CA 02 00 00 FF FF 03 3B 01 00 00 00 00 00 00 00 00 00 00 00 01 00 00 00 00 00 00 00 4B 00 00 00 00 00 00 00 00 00 00 00 FA 00 00 00 75 04 00 00 00 00 00 00 00 00 00 00 01 00 00 00

Moldy Epic Pizza Hat: C8 02 00 00 00 83 75 33 01 00 00 00 00 00 00 00 00 00 00 00 01 00 00 00 00 00 00 00 4B 00 00 00 00 00 00 00 00 00 00 00 FA 00 00 00 77 04 00 00 00 00 00 00 00 00 00 00 01 00 00 00

Pink Elegant Butterfly Wings: C4 02 00 00 FF 72 65 5E 01 00 00 00 00 00 00 00 00 00 00 00 01 00 00 00 00 00 00 00 4B 00 00 00 00 00 00 00 00 00 00 00 FA 00 00 00 6B 04 00 00 00 00 00 00 00 00 00 00 01 00 00 00

Monarch Butterfly Wings: C4 02 00 00 FF 5B 70 3F 01 00 00 00 00 00 00 00 00 00 00 00 01 00 00 00 00 00 00 00 4B 00 00 00 00 00 00 00 00 00 00 00 FA 00 00 00 6B 04 00 00 00 00 00 00 00 00 00 00 01 00 00 00

Blue sequin bow: 00 03 00 00 FF FF 73 74 01 00 00 00 00 00 00 00 00 00 00 00 01 00 00 00 00 00 00 00 4B 00 00 00 00 00 00 00 00 00 00 00 FA 00 00 00 98 04 00 00 00 00 00 00 00 00 00 00 00 00 00 00

Black Light up ring: CE 02 00 00 6D 6D 6D 6D 01 00 00 00 00 00 00 00 00 00 00 00 01 00 00 00 00 00 00 00 4B 00 00 00 00 00 00 00 00 00 00 00 FA 00 00 00 70 04 00 00 00 00 00 00 00 00 00 00 01 00 00 00

Blue and black police hat: CB 02 00 00 69 56 53 10 01 00 00 00 00 00 00 00 00 00 00 00 01 00 00 00 00 00 00 00 4B 00 00 00 00 00 00 00 00 00 00 00 FA 00 00 00 74 04 00 00 00 00 00 00 00 00 00 00 01 00 00 00

Credits for the list: Secretminja
#4497 (999834652346941440)