Blue Skunk tail: EB 03 00 00 00 00 66 97 01 00 00 00 00 00 00 00 00 00 00 00 01 00 00 00 00 00 00 00 4B 00 00 00 00 00 00 00 00 00 00 00 FA 00 00 00 DB 05 00 00 00 00 00 00 00 00 00 00 00 00 00 00

Black/White Skunk tail: EB 03 00 00 00 00 FF 53 01 00 00 00 00 00 00 00 00 00 00 00 01 00 00 00 00 00 00 00 4B 00 00 00 00 00 00 00 00 00 00 00 FA 00 00 00 DB 05 00 00 00 00 00 00 00 00 00 00 00 00 00 00

White and black Skunk tail: EB 03 00 00 00 00 53 FF 01 00 00 00 00 00 00 00 00 00 00 00 01 00 00 00 00 00 00 00 4B 00 00 00 00 00 00 00 00 00 00 00 FA 00 00 00 DB 05 00 00 00 00 00 00 00 00 00 00 00 00 00 00

Pink and white Skunk tail: EB 03 00 00 00 00 FF 14 01 00 00 00 00 00 00 00 00 00 00 00 01 00 00 00 00 00 00 00 4B 00 00 00 00 00 00 00 00 00 00 00 FA 00 00 00 DB 05 00 00 00 00 00 00 00 00 00 00 00 00 00 00

Red and black Skunk tail: EB 03 00 00 00 00 53 15 01 00 00 00 00 00 00 00 00 00 00 00 01 00 00 00 00 00 00 00 4B 00 00 00 00 00 00 00 00 00 00 00 FA 00 00 00 DB 05 00 00 00 00 00 00 00 00 00 00 00 00 00 00

Purple Skunk tail: EB 03 00 00 00 00 AF 1C 01 00 00 00 00 00 00 00 00 00 00 00 01 00 00 00 00 00 00 00 4B 00 00 00 00 00 00 00 00 00 00 00 FA 00 00 00 DB 05 00 00 00 00 00 00 00 00 00 00 01 00 00 00

Orange Skunk tail: EB 03 00 00 00 00 2A 16 01 00 00 00 00 00 00 00 00 00 00 00 01 00 00 00 00 00 00 00 4B 00 00 00 00 00 00 00 00 00 00 00 FA 00 00 00 DB 05 00 00 00 00 00 00 00 00 00 00 01 00 00 00

Green Skunk tail: EB 03 00 00 00 00 FF 18 01 00 00 00 00 00 00 00 00 00 00 00 01 00 00 00 00 00 00 00 4B 00 00 00 00 00 00 00 00 00 00 00 FA 00 00 00 DB 05 00 00 00 00 00 00 00 00 00 00 01 00 00 00

Magenta Skunk tail: EB 03 00 00 00 00 00 00 01 00 00 00 00 00 00 00 00 00 00 00 01 00 00 00 00 00 00 00 4B 00 00 00 00 00 00 00 00 00 00 00 FA 00 00 00 DB 05 00 00 00 00 00 00 00 00 00 00 01 00 00 00

Ghostly Skunk tail: EB 03 00 00 00 00 E7 D3 01 00 00 00 00 00 00 00 00 00 00 00 01 00 00 00 00 00 00 00 4B 00 00 00 00 00 00 00 00 00 00 00 FA 00 00 00 34 0A 00 00 00 00 00 00 00 00 00 00 01 00 00 00

Credits for the list: Secretminja
#4497 (999834652346941440)