Black long spike: 97 00 00 00 00 00 55 67 01 00 00 00 01 00 00 00 04 00 00 00 01 00 00 00 00 00 00 00 13 01 00 00 00 00 00 00 00 00 00 00 2C 01 00 00 1D 01 00 00 00 00 00 00 00 00 00 00 00 00 00 00

Green long spike: 97 00 00 00 00 00 55 18 01 00 00 00 01 00 00 00 04 00 00 00 01 00 00 00 00 00 00 00 13 01 00 00 00 00 00 00 00 00 00 00 2C 01 00 00 1D 01 00 00 00 00 00 00 00 00 00 00 00 00 00 00

Yellow long spike: 97 00 00 00 00 00 55 56 01 00 00 00 01 00 00 00 04 00 00 00 01 00 00 00 00 00 00 00 13 01 00 00 00 00 00 00 00 00 00 00 2C 01 00 00 1D 01 00 00 00 00 00 00 00 00 00 00 00 00 00 00

Orange long spike: 97 00 00 00 00 00 55 16 01 00 00 00 01 00 00 00 04 00 00 00 01 00 00 00 00 00 00 00 13 01 00 00 00 00 00 00 00 00 00 00 2C 01 00 00 1D 01 00 00 00 00 00 00 00 00 00 00 00 00 00 00

Red long spike: 97 00 00 00 00 00 55 15 01 00 00 00 01 00 00 00 04 00 00 00 01 00 00 00 00 00 00 00 13 01 00 00 00 00 00 00 00 00 00 00 2C 01 00 00 1D 01 00 00 00 00 00 00 00 00 00 00 00 00 00 00

Blue long spike: 97 00 00 00 00 00 55 1B 01 00 00 00 01 00 00 00 04 00 00 00 01 00 00 00 00 00 00 00 13 01 00 00 00 00 00 00 00 00 00 00 2C 01 00 00 1D 01 00 00 00 00 00 00 00 00 00 00 00 00 00 00

Pink long spike: 97 00 00 00 00 00 55 14 01 00 00 00 01 00 00 00 04 00 00 00 01 00 00 00 00 00 00 00 13 01 00 00 00 00 00 00 00 00 00 00 2C 01 00 00 1D 01 00 00 00 00 00 00 00 00 00 00 00 00 00 00

Purple long spike: 97 00 00 00 00 00 55 08 01 00 00 00 01 00 00 00 04 00 00 00 01 00 00 00 00 00 00 00 13 01 00 00 00 00 00 00 00 00 00 00 2C 01 00 00 1D 01 00 00 00 00 00 00 00 00 00 00 00 00 00 00

Magenta Long Collar: 97 00 00 00 00 00 00 00 01 00 00 00 01 00 00 00 04 00 00 00 01 00 00 00 00 00 00 00 13 01 00 00 00 00 00 00 00 00 00 00 2C 01 00 00 1D 01 00 00 00 00 00 00 00 00 00 00 00 00 00 00

Black short collar: 98 00 00 00 3B 31 69 67 01 00 00 00 01 00 00 00 04 00 00 00 01 00 00 00 00 00 00 00 13 01 00 00 00 00 00 00 00 00 00 00 2C 01 00 00 14 01 00 00 00 00 00 00 00 00 00 00 00 00 00 00

Yellow short collar: 98 00 00 00 3B 31 55 56 01 00 00 00 01 00 00 00 04 00 00 00 01 00 00 00 00 00 00 00 13 01 00 00 00 00 00 00 00 00 00 00 2C 01 00 00 14 01 00 00 00 00 00 00 00 00 00 00 00 00 00 00

Orange short collar: 98 00 00 00 3B 31 A1 57 01 00 00 00 01 00 00 00 04 00 00 00 01 00 00 00 00 00 00 00 13 01 00 00 00 00 00 00 00 00 00 00 2C 01 00 00 14 01 00 00 00 00 00 00 00 00 00 00 00 00 00 00

Purple short collar: 98 00 00 00 3B 31 EA 09 01 00 00 00 01 00 00 00 04 00 00 00 01 00 00 00 00 00 00 00 13 01 00 00 00 00 00 00 00 00 00 00 2C 01 00 00 14 01 00 00 00 00 00 00 00 00 00 00 00 00 00 00

Red short collar: 98 00 00 00 3B 31 EF 15 01 00 00 00 01 00 00 00 04 00 00 00 01 00 00 00 00 00 00 00 13 01 00 00 00 00 00 00 00 00 00 00 2C 01 00 00 14 01 00 00 00 00 00 00 00 00 00 00 00 00 00 00

Green short collar: 98 00 00 00 3B 31 E6 18 01 00 00 00 01 00 00 00 04 00 00 00 01 00 00 00 00 00 00 00 13 01 00 00 00 00 00 00 00 00 00 00 2C 01 00 00 14 01 00 00 00 00 00 00 00 00 00 00 00 00 00 00

Pink short collar: 98 00 00 00 3B 31 65 28 01 00 00 00 01 00 00 00 04 00 00 00 01 00 00 00 00 00 00 00 13 01 00 00 00 00 00 00 00 00 00 00 2C 01 00 00 14 01 00 00 00 00 00 00 00 00 00 00 00 00 00 00

Blue short collar: 98 00 00 00 3B 31 E8 99 01 00 00 00 01 00 00 00 04 00 00 00 01 00 00 00 00 00 00 00 13 01 00 00 00 00 00 00 00 00 00 00 2C 01 00 00 14 01 00 00 00 00 00 00 00 00 00 00 00 00 00 00

Magenta short collar: 98 00 00 00 3B 31 00 00 01 00 00 00 01 00 00 00 04 00 00 00 01 00 00 00 00 00 00 00 13 01 00 00 00 00 00 00 00 00 00 00 2C 01 00 00 14 01 00 00 00 00 00 00 00 00 00 00 00 00 00 00

First Gen Silver long spike: 97 00 00 00 00 00 FF 41 01 00 00 00 01 00 00 00 00 00 00 00 01 00 00 00 00 00 00 00 13 01 00 00 00 00 00 00 00 00 00 00 2C 01 00 00 7A 02 00 00 00 00 00 00 00 00 00 00 01 00 00 00

First Gen Tan long spike: 97 00 00 00 00 00 A4 8E 01 00 00 00 01 00 00 00 00 00 00 00 01 00 00 00 00 00 00 00 13 01 00 00 00 00 00 00 00 00 00 00 2C 01 00 00 7A 02 00 00 00 00 00 00 00 00 00 00 01 00 00 00

First Gen Gold long spike: 97 00 00 00 00 00 56 64 01 00 00 00 01 00 00 00 00 00 00 00 01 00 00 00 00 00 00 00 13 01 00 00 00 00 00 00 00 00 00 00 2C 01 00 00 7A 02 00 00 00 00 00 00 00 00 00 00 01 00 00 00

First Gen Brown long spike: 97 00 00 00 00 00 34 0C 01 00 00 00 01 00 00 00 00 00 00 00 01 00 00 00 00 00 00 00 13 01 00 00 00 00 00 00 00 00 00 00 2C 01 00 00 7A 02 00 00 00 00 00 00 00 00 00 00 01 00 00 00

First Gen Blue long spike: 97 00 00 00 00 00 38 24 01 00 00 00 01 00 00 00 00 00 00 00 01 00 00 00 00 00 00 00 13 01 00 00 00 00 00 00 00 00 00 00 2C 01 00 00 7A 02 00 00 00 00 00 00 00 00 00 00 01 00 00 00

First Gen Green long spike: 97 00 00 00 00 00 37 23 01 00 00 00 01 00 00 00 00 00 00 00 01 00 00 00 00 00 00 00 13 01 00 00 00 00 00 00 00 00 00 00 2C 01 00 00 7A 02 00 00 00 00 00 00 00 00 00 00 01 00 00 00

First Gen Turquoise & Pink long spike: 97 00 00 00 00 00 28 96 01 00 00 00 01 00 00 00 00 00 00 00 01 00 00 00 00 00 00 00 13 01 00 00 00 00 00 00 00 00 00 00 2C 01 00 00 7A 02 00 00 00 00 00 00 00 00 00 00 01 00 00 00

First Gen Green & Orange long spike: 97 00 00 00 00 00 6B 94 01 00 00 00 01 00 00 00 00 00 00 00 01 00 00 00 00 00 00 00 13 01 00 00 00 00 00 00 00 00 00 00 2C 01 00 00 7A 02 00 00 00 00 00 00 00 00 00 00 01 00 00 00

Seafoam long collar: 97 00 00 00 00 00 3B A8 01 00 00 00 01 00 00 00 00 00 00 00 01 00 00 00 00 00 00 00 13 01 00 00 00 00 00 00 00 00 00 00 2C 01 00 00 B3 0C 00 00 00 00 00 00 00 00 00 00 01 00 00 00

Seafoam short collar: 98 00 00 00 00 00 3B A8 01 00 00 00 01 00 00 00 00 00 00 00 01 00 00 00 00 00 00 00 13 01 00 00 00 00 00 00 00 00 00 00 2C 01 00 00 B1 0C 00 00 00 00 00 00 00 00 00 00 01 00 00 00

Hot Magenta long spike: 97 00 00 00 00 00 5E 5E 01 00 00 00 01 00 00 00 04 00 00 00 01 00 00 00 00 00 00 00 13 01 00 00 00 00 00 00 00 00 00 00 2C 01 00 00 1D 01 00 00 00 00 00 00 00 00 00 00 00 00 00 00

Christmas spike?: 97 00 00 00 00 00 F3 F0 01 00 00 00 01 00 00 00 00 00 00 00 01 00 00 00 00 00 00 00 13 01 00 00 00 00 00 00 00 00 00 00 2C 01 00 00 7A 02 00 00 00 00 00 00 00 00 00 00 01 00 00 00

Credits for the list: Secretminja
#4497 (999834652346941440)